   0.00000000    
   0.00000000    
  -4.16333634E-17
   6.66133815E-16
   5.27355937E-16
   2.96984659E-15
   4.74620343E-15
   4.74620343E-15
   4.74620343E-15
   4.74620343E-15
   4.74620343E-15
   4.74620343E-15
   4.74620343E-15
   4.74620343E-15
   4.74620343E-15
   4.74620343E-15
   4.74620343E-15
   4.74620343E-15
   4.74620343E-15
   4.74620343E-15
   4.74620343E-15
   4.74620343E-15
   4.74620343E-15
   4.74620343E-15
   4.74620343E-15
   4.74620343E-15
   4.74620343E-15
   4.74620343E-15
   4.74620343E-15
   4.74620343E-15
   4.74620343E-15
   4.74620343E-15
   4.74620343E-15
   4.74620343E-15
   4.74620343E-15
   4.74620343E-15
   4.74620343E-15
   4.74620343E-15
   4.74620343E-15
   4.74620343E-15
   4.74620343E-15
   4.74620343E-15
   4.74620343E-15
   4.74620343E-15
   4.74620343E-15
   4.74620343E-15
   4.74620343E-15
   4.74620343E-15
   4.74620343E-15
   4.74620343E-15
   4.74620343E-15
   4.74620343E-15
   4.74620343E-15
   4.74620343E-15
   4.74620343E-15
   4.74620343E-15
   4.74620343E-15
   4.74620343E-15
   4.74620343E-15
   4.74620343E-15
   4.74620343E-15
   4.74620343E-15
   4.74620343E-15
   4.74620343E-15
   4.74620343E-15
   4.74620343E-15
   4.74620343E-15
   4.74620343E-15
   4.74620343E-15
   4.74620343E-15
   4.74620343E-15
   4.74620343E-15
   4.74620343E-15
   4.74620343E-15
   4.74620343E-15
   4.74620343E-15
   4.74620343E-15
   4.74620343E-15
   4.74620343E-15
   4.74620343E-15
   4.74620343E-15
   4.74620343E-15
   4.74620343E-15
   4.74620343E-15
   4.74620343E-15
   4.74620343E-15
   4.74620343E-15
   4.74620343E-15
   4.74620343E-15
   4.74620343E-15
   4.74620343E-15
   4.74620343E-15
   4.74620343E-15
   4.74620343E-15
   4.74620343E-15
   4.74620343E-15
   4.74620343E-15
   4.74620343E-15
   4.74620343E-15
   4.74620343E-15
   4.74620343E-15
   1.23486097E-04
   9.92746282E-05
   2.94437603E-04
   3.87934590E-04
   7.71317107E-04
   1.15921849E-03
   1.99194485E-03
   3.04976385E-03
   4.85740229E-03
   7.29797501E-03
   1.10177910E-02
   1.60341412E-02
   2.31298879E-02
   3.24463435E-02
   4.48585153E-02
   6.05407581E-02
   8.03176314E-02
  0.104201995    
  0.132725880    
  0.165471494    
  0.202407941    
  0.242450088    
  0.284842432    
  0.327784210    
  0.369892299    
  0.408908635    
  0.443235517    
  0.470695943    
  0.490093499    
  0.499956250    
  0.500043631    
  0.490006208    
  0.470782846    
  0.443147421    
  0.408994317    
  0.369801939    
  0.327865034    
  0.284742981    
  0.242514014    
  0.202277139    
  0.165478900    
  0.132495940    
  0.104038037    
   7.97992349E-02
   5.99001460E-02
   4.35686372E-02
   3.05849891E-02
   1.99493933E-02
   1.13075171E-02
   3.58924828E-03
  -3.58932419E-03
  -1.13074947E-02
  -1.99493300E-02
  -3.05851251E-02
  -4.35686037E-02
  -5.99000640E-02
  -7.97990561E-02
 -0.104038194    
 -0.132495701    
 -0.165478975    
 -0.202277184    
 -0.242513895    
 -0.284742951    
 -0.327864707    
 -0.369801849    
 -0.408994436    
 -0.443147093    
 -0.470783204    
 -0.490005612    
 -0.500043988    
 -0.499956071    
 -0.490093589    
 -0.470695823    
 -0.443235308    
 -0.408908308    
 -0.369892299    
 -0.327784091    
 -0.284842044    
 -0.242450342    
 -0.202407733    
 -0.165471613    
 -0.132725701    
 -0.104202107    
  -8.03174824E-02
  -6.05408773E-02
  -4.48584072E-02
  -3.24463174E-02
  -2.31299084E-02
  -1.60340164E-02
  -1.10178106E-02
  -7.29782553E-03
  -4.85726027E-03
  -3.04970751E-03
  -1.99207105E-03
  -1.15897763E-03
  -7.71517516E-04
  -3.87645356E-04
  -2.94563535E-04
  -2.22516232E-04
