   0.00000000    
   0.00000000    
   0.00000000    
   0.00000000    
   0.00000000    
   0.00000000    
   0.00000000    
   0.00000000    
   0.00000000    
   1.23409802E-04
   9.92200949E-05
   2.94448866E-04
   3.87879176E-04
   7.71349762E-04
   1.15910452E-03
   1.99200632E-03
   3.04975407E-03
   4.85729799E-03
   7.29788141E-03
   1.10177584E-02
   1.60340909E-02
   2.31298041E-02
   3.24463993E-02
   4.48583439E-02
   6.05408773E-02
   8.03175345E-02
  0.104201980    
  0.132725775    
  0.165471494    
  0.202407986    
  0.242450118    
  0.284842342    
  0.327784091    
  0.369892299    
  0.408908486    
  0.443235368    
  0.470695883    
  0.490093619    
  0.499956250    
  0.500043869    
  0.490006059    
  0.470783472    
  0.443147808    
  0.408995986    
  0.369804800    
  0.327871501    
  0.284754872    
  0.242537558    
  0.202320516    
  0.165558934    
  0.202320516    
  0.242537558    
  0.284754872    
  0.327871501    
  0.369804800    
  0.408995986    
  0.443147808    
  0.470783472    
  0.490006059    
  0.500043869    
  0.499956250    
  0.490093619    
  0.470695883    
  0.443235368    
  0.408908486    
  0.369892299    
  0.327784091    
  0.284842342    
  0.242450118    
  0.202407986    
  0.165471494    
  0.132725775    
  0.104201980    
   8.03175345E-02
   6.05408773E-02
   4.48583439E-02
   3.24463993E-02
   2.31298041E-02
   1.60340909E-02
   1.10177584E-02
   7.29788141E-03
   4.85729799E-03
   3.04975407E-03
   1.99200632E-03
   1.15910452E-03
   7.71349762E-04
   3.87879176E-04
   2.94448866E-04
   9.92200949E-05
   1.23409802E-04
   0.00000000    
   0.00000000    
   0.00000000    
   0.00000000    
   0.00000000    
   0.00000000    
   0.00000000    
   0.00000000    
   0.00000000    
   0.00000000    
   0.00000000    
   0.00000000    
   0.00000000    
   0.00000000    
   0.00000000    
   0.00000000    
   0.00000000    
   0.00000000    
   0.00000000    
   0.00000000    
   0.00000000    
   0.00000000    
   0.00000000    
   0.00000000    
   0.00000000    
   0.00000000    
   0.00000000    
   0.00000000    
   0.00000000    
   0.00000000    
   0.00000000    
   0.00000000    
   0.00000000    
   0.00000000    
   0.00000000    
   0.00000000    
   0.00000000    
   0.00000000    
   0.00000000    
   0.00000000    
   0.00000000    
   0.00000000    
   0.00000000    
   0.00000000    
   0.00000000    
   0.00000000    
   0.00000000    
   0.00000000    
   0.00000000    
   0.00000000    
   0.00000000    
   0.00000000    
   0.00000000    
   0.00000000    
   0.00000000    
   0.00000000    
   0.00000000    
   0.00000000    
   0.00000000    
   0.00000000    
   0.00000000    
   0.00000000    
   0.00000000    
   0.00000000    
   0.00000000    
   0.00000000    
   0.00000000    
   0.00000000    
   0.00000000    
   0.00000000    
   0.00000000    
   0.00000000    
   0.00000000    
   0.00000000    
   0.00000000    
   0.00000000    
   0.00000000    
   0.00000000    
   0.00000000    
   0.00000000    
   0.00000000    
   0.00000000    
   0.00000000    
   0.00000000    
   0.00000000    
   0.00000000    
   0.00000000    
   0.00000000    
   0.00000000    
   0.00000000    
   0.00000000    
   0.00000000    
   0.00000000    
   0.00000000    
   0.00000000    
   0.00000000    
   0.00000000    
   0.00000000    
   0.00000000    
   0.00000000    
   0.00000000    
   0.00000000    
   0.00000000    
   0.00000000    
   0.00000000    
   0.00000000    
   0.00000000    
   0.00000000    
   0.00000000    
