   1.23409802E-04
   9.92200949E-05
   2.94448866E-04
   3.87879205E-04
   7.71349820E-04
   1.15910452E-03
   1.99200632E-03
   3.04975407E-03
   4.85729845E-03
   7.29788141E-03
   1.10177584E-02
   1.60340909E-02
   2.31298041E-02
   3.24463993E-02
   4.48583439E-02
   6.05408773E-02
   8.03175345E-02
  0.104201980    
  0.132725775    
  0.165471494    
  0.202407986    
  0.242450118    
  0.284842342    
  0.327784091    
  0.369892269    
  0.408908516    
  0.443235368    
  0.470695883    
  0.490093619    
  0.499956280    
  0.500043869    
  0.490006089    
  0.470783472    
  0.443147779    
  0.408995986    
  0.369804800    
  0.327871501    
  0.284754872    
  0.242537558    
  0.202320516    
  0.165558934    
  0.132638305    
  0.104289412    
   8.02300721E-02
   6.06283098E-02
   4.47708741E-02
   3.25338393E-02
   2.30423361E-02
   1.61215253E-02
   1.09302904E-02
   7.38531724E-03
   4.76983003E-03
   3.13718989E-03
   1.90453790E-03
   1.24654034E-03
   6.83881226E-04
   4.75315261E-04
   2.06980330E-04
   1.86656165E-04
   3.59412516E-05
   8.74360630E-05
  -2.04136959E-05
   5.60940680E-05
  -3.74828196E-05
   4.69905062E-05
  -4.22378835E-05
   4.45579499E-05
  -4.34567228E-05
   4.39597425E-05
  -4.37442832E-05
   4.38243151E-05
  -4.38067618E-05
   4.37960880E-05
  -4.38192583E-05
   4.37906492E-05
  -4.38215611E-05
   4.37896852E-05
  -4.38219540E-05
   4.37895287E-05
  -4.38220086E-05
   4.37895069E-05
  -4.38220195E-05
   4.37894887E-05
  -4.38220195E-05
   4.37894887E-05
  -4.38220195E-05
   4.37894887E-05
  -4.38220195E-05
   4.37894887E-05
  -4.38220195E-05
   4.37894887E-05
  -4.38220195E-05
   4.37894887E-05
  -4.38220195E-05
   4.37894887E-05
  -4.38220195E-05
   4.37894887E-05
  -4.38220195E-05
  -7.96135573E-05
  -1.42989564E-04
  -2.50763434E-04
  -4.31536406E-04
  -7.27663573E-04
  -1.20288110E-03
  -1.94826233E-03
  -3.09351785E-03
  -4.81356075E-03
  -7.34168943E-03
  -1.09740570E-02
  -1.60777923E-02
  -2.30861641E-02
  -3.24900448E-02
  -4.48146984E-02
  -6.05845675E-02
  -8.02738592E-02
 -0.104245700    
 -0.132682160    
 -0.165515125    
 -0.202364266    
 -0.242493778    
 -0.284798503    
 -0.327827752    
 -0.369848549    
 -0.408952057    
 -0.443191648    
 -0.470739424    
 -0.490050018    
 -0.499999851    
 -0.500000298    
 -0.490049630    
 -0.470739901    
 -0.443191379    
 -0.408952504    
 -0.369848579    
 -0.327827692    
 -0.284798533    
 -0.242493987    
 -0.202364072    
 -0.165515512    
 -0.132681817    
 -0.104245961    
  -8.02736878E-02
  -6.05847575E-02
  -4.48145084E-02
  -3.24903093E-02
  -2.30859481E-02
  -1.60779599E-02
  -1.09739993E-02
  -7.34174438E-03
  -4.81345784E-03
  -3.09369434E-03
  -1.94817095E-03
  -1.20298658E-03
  -7.27558683E-04
  -4.31742083E-04
  -2.50747951E-04
  -1.43065903E-04
  -7.95605592E-05
  -4.39414798E-05
  -2.31761460E-05
  -1.25494944E-05
  -6.04854858E-06
  -3.43702254E-06
  -1.31930733E-06
  -1.10336168E-06
  -1.26442274E-07
  -4.87957948E-07
   2.22605138E-07
  -4.51200208E-07
   2.56183966E-07
  -3.65517849E-07
   3.16546277E-07
  -3.34671483E-07
   2.45135368E-07
  -2.98902705E-07
   1.57179642E-07
  -1.32423878E-07
   7.69726682E-09
  -4.95647399E-08
   6.82362966E-09
  -5.06198816E-09
  -1.09352971E-10
   3.05591941E-11
  -1.15787380E-11
  -2.76250550E-11
   9.70996894E-12
   8.32250935E-14
  -1.10356169E-13
  -4.85722573E-16
  -7.89646126E-14
   4.74620343E-15
   4.74620343E-15
   4.74620343E-15
   4.74620343E-15
   4.74620343E-15
   4.74620343E-15
   4.74620343E-15
   4.74620343E-15
   4.74620343E-15
   4.74620343E-15
   4.74620343E-15
   4.74620343E-15
   4.74620343E-15
   4.74620343E-15
   4.74620343E-15
   4.74620343E-15
   4.74620343E-15
   4.74620343E-15
   4.74620343E-15
   4.74620343E-15
   4.74620343E-15
   4.74620343E-15
   4.74620343E-15
   4.74620343E-15
   4.74620343E-15
   4.74620343E-15
   4.74620343E-15
   4.74620343E-15
   4.74620343E-15
   4.74620343E-15
   4.74620343E-15
   4.74620343E-15
   4.74620343E-15
   4.74620343E-15
   4.74620343E-15
   4.74620343E-15
   4.74620343E-15
   4.74620343E-15
   4.74620343E-15
   4.74620343E-15
   4.74620343E-15
   4.74620343E-15
   4.74620343E-15
   4.74620343E-15
   4.74620343E-15
   4.74620343E-15
   4.74620343E-15
   4.74620343E-15
   4.74620343E-15
   4.74620343E-15
   4.74620343E-15
   4.74620343E-15
   4.74620343E-15
   4.74620343E-15
   4.74620343E-15
   4.74620343E-15
   4.74620343E-15
   4.74620343E-15
   4.74620343E-15
   4.74620343E-15
   5.84848618E-38
