   0.00000000    
   8.24343041E-02
  0.162312672    
  0.237166375    
  0.304706514    
  0.362917751    
  0.410155028    
  0.445235133    
  0.467510045    
  0.476913899    
  0.473972082    
  0.459765583    
  0.435849994    
  0.404138595    
  0.366755128    
  0.325879425    
  0.283595800    
  0.241766080    
  0.201932818    
  0.165264368    
  0.132539138    
  0.104166009    
   8.02300721E-02
   6.06283098E-02
   4.47708741E-02
   3.25338393E-02
   2.30423361E-02
   1.61215253E-02
   1.09302904E-02
   7.38531724E-03
   4.76983003E-03
   3.13718989E-03
   1.90453790E-03
   1.24654034E-03
   6.83881226E-04
   4.75315261E-04
   2.06980330E-04
   1.86656165E-04
   3.59412516E-05
   8.74360630E-05
  -2.04136959E-05
   5.60940680E-05
  -3.74828305E-05
   4.69905062E-05
  -4.22378798E-05
   4.45579499E-05
  -4.34567191E-05
   4.39597425E-05
  -4.37442868E-05
   4.38243151E-05
  -4.37442868E-05
   4.39597425E-05
  -4.34567191E-05
   4.45579499E-05
  -4.22378798E-05
   4.69905062E-05
  -3.74828305E-05
   5.60940680E-05
  -2.04136959E-05
   8.74360630E-05
   3.59412516E-05
   1.86656165E-04
   2.06980330E-04
   4.75315261E-04
   6.83881226E-04
   1.24654034E-03
   1.90453790E-03
   3.13718989E-03
   4.76983003E-03
   7.38531724E-03
   1.09302904E-02
   1.61215253E-02
   2.30423361E-02
   3.25338393E-02
   4.47708741E-02
   6.06283098E-02
   8.02300721E-02
  0.104289412    
  0.132638305    
  0.165558934    
  0.202320516    
  0.242537558    
  0.284754872    
  0.327871501    
  0.369804800    
  0.408995986    
  0.443147808    
  0.470783472    
  0.490006059    
  0.500043869    
  0.499956250    
  0.490093619    
  0.470695883    
  0.443235368    
  0.408908486    
  0.369892299    
  0.327784091    
  0.284842342    
  0.242450118    
  0.202407986    
  0.165471494    
  0.132725775    
  0.104201980    
   8.03175345E-02
   6.05408773E-02
   4.48583439E-02
   3.24463993E-02
   2.31298041E-02
   1.60340909E-02
   1.10177584E-02
   7.29788141E-03
   4.85729799E-03
   3.04975407E-03
   1.99200632E-03
   1.15910452E-03
   7.71349762E-04
   3.87879176E-04
   2.94448866E-04
   9.92200949E-05
   1.23409802E-04
   0.00000000    
   0.00000000    
   0.00000000    
   0.00000000    
   0.00000000    
   0.00000000    
   0.00000000    
   0.00000000    
   0.00000000    
   0.00000000    
   0.00000000    
   0.00000000    
   0.00000000    
   0.00000000    
   0.00000000    
   0.00000000    
   0.00000000    
   0.00000000    
   0.00000000    
   0.00000000    
   0.00000000    
   0.00000000    
   0.00000000    
   0.00000000    
   0.00000000    
   0.00000000    
   0.00000000    
   0.00000000    
   0.00000000    
   0.00000000    
   0.00000000    
   0.00000000    
   0.00000000    
   0.00000000    
   0.00000000    
   0.00000000    
   0.00000000    
   0.00000000    
   0.00000000    
   0.00000000    
   0.00000000    
   0.00000000    
   0.00000000    
   0.00000000    
   0.00000000    
   0.00000000    
   0.00000000    
   0.00000000    
   0.00000000    
   0.00000000    
   0.00000000    
   0.00000000    
   0.00000000    
   0.00000000    
   0.00000000    
   0.00000000    
   0.00000000    
   0.00000000    
   0.00000000    
   0.00000000    
   0.00000000    
   0.00000000    
   0.00000000    
   0.00000000    
   0.00000000    
   0.00000000    
   0.00000000    
   0.00000000    
   0.00000000    
   0.00000000    
   0.00000000    
   0.00000000    
   0.00000000    
   0.00000000    
   0.00000000    
   0.00000000    
   0.00000000    
   0.00000000    
   0.00000000    
