  -2.09862655E-10
  -2.09862655E-10
  -2.09862655E-10
  -2.09862655E-10
  -2.09862655E-10
  -2.09862655E-10
  -2.09862655E-10
  -2.09862655E-10
  -2.09862655E-10
  -2.09862655E-10
  -2.09862655E-10
  -2.09862655E-10
  -2.09862655E-10
  -2.09862655E-10
  -2.09862655E-10
  -2.09862655E-10
  -2.09862655E-10
  -2.09862655E-10
  -2.09862655E-10
  -2.09862655E-10
  -2.09862655E-10
  -2.09862655E-10
  -2.09862655E-10
  -2.09862655E-10
  -2.09862655E-10
  -2.09862655E-10
  -2.09862655E-10
  -2.09862655E-10
  -2.09862655E-10
  -2.09862655E-10
  -2.09862655E-10
  -2.09862655E-10
  -2.09862655E-10
  -2.09862655E-10
  -2.09862655E-10
  -2.09862655E-10
  -2.09862655E-10
  -2.09862655E-10
  -2.09862655E-10
  -2.09862655E-10
  -2.09862655E-10
  -2.09862655E-10
  -2.09862655E-10
  -2.09862655E-10
  -2.09862655E-10
  -2.09862655E-10
  -2.09862655E-10
  -2.09862655E-10
  -2.09862655E-10
  -2.09862655E-10
  -2.09862655E-10
  -2.09862655E-10
  -2.09862655E-10
  -2.09862655E-10
  -2.09862655E-10
  -2.09862655E-10
  -2.09862655E-10
  -2.09862655E-10
  -2.09862655E-10
  -2.09862655E-10
  -2.09862655E-10
  -2.09862655E-10
  -2.09862655E-10
  -2.09862655E-10
  -2.09862655E-10
  -2.09862655E-10
  -2.09862655E-10
  -2.09862655E-10
  -2.09862655E-10
  -2.09862655E-10
  -2.09862655E-10
  -2.09862655E-10
  -2.09862655E-10
  -2.09862655E-10
  -2.09862655E-10
  -2.09862655E-10
  -2.09862655E-10
  -2.09862655E-10
  -2.09862655E-10
  -2.09862655E-10
  -2.09862655E-10
  -2.09862655E-10
  -2.09862655E-10
  -2.09862655E-10
  -2.09862655E-10
  -2.09862655E-10
  -2.09862655E-10
  -2.09862655E-10
  -2.09862655E-10
  -2.09862655E-10
  -2.09862655E-10
  -2.09862655E-10
  -2.09862655E-10
  -2.09862655E-10
  -2.09862655E-10
  -2.09862655E-10
  -2.09862655E-10
  -2.09862655E-10
  -2.09862655E-10
  -2.09862655E-10
  -2.09862655E-10
   3.27339478E-07
   2.63118068E-07
   7.80791765E-07
   1.02879437E-06
   2.04572416E-06
   3.07464029E-06
   5.28346391E-06
   8.08934965E-06
   1.28841466E-05
   1.93578144E-05
   2.92247005E-05
   4.25306680E-05
   6.13522789E-05
   8.60643631E-05
   1.18987897E-04
   1.60585361E-04
   2.13043924E-04
   2.76397652E-04
   3.52057919E-04
   4.38916322E-04
   5.36891224E-04
   6.43103383E-04
   7.55550398E-04
   8.69454059E-04
   9.81146703E-04
   1.08463806E-03
   1.17569091E-03
   1.24853046E-03
   1.29998301E-03
   1.32614421E-03
   1.32637622E-03
   1.29975274E-03
   1.24876399E-03
   1.17546355E-03
   1.08487799E-03
   9.80932033E-04
   8.69717740E-04
   7.55380956E-04
   6.43451000E-04
   5.36871608E-04
   4.39526397E-04
   3.52492469E-04
   2.77772895E-04
   2.14743777E-04
   1.64006895E-04
   1.23924983E-04
   9.45007778E-05
   7.38896197E-05
   6.22351072E-05
   5.81032145E-05
   6.22350344E-05
   7.38894159E-05
   9.45009524E-05
   1.23924750E-04
   1.64007011E-04
   2.14743399E-04
   2.77773215E-04
   3.52492032E-04
   4.39526571E-04
   5.36871492E-04
   6.43450534E-04
   7.55380956E-04
   8.69717100E-04
   9.80932382E-04
   1.08487869E-03
   1.17546297E-03
   1.24876469E-03
   1.29975122E-03
   1.32637739E-03
   1.32614363E-03
   1.29998324E-03
   1.24853035E-03
   1.17569033E-03
   1.08463760E-03
   9.81146703E-04
   8.69453768E-04
   7.55549350E-04
   6.43104315E-04
   5.36890584E-04
   4.38916788E-04
   3.52057599E-04
   2.76398176E-04
   2.13043735E-04
   1.60585900E-04
   1.18987839E-04
   8.60645232E-05
   6.13525626E-05
   4.25305698E-05
   2.92249824E-05
   1.93576470E-05
   1.28839993E-05
   8.08942968E-06
   5.28402825E-06
   3.07423147E-06
   2.04648586E-06
   1.02825743E-06
   7.81356050E-07
   2.62982212E-07
   0.00000000    
