6.3309773362105915e-211
9.388908478887775e-34
9.388908478887775e-34
9.388908478887775e-34
9.388908478887775e-34
9.388908478887775e-34
9.388908478887775e-34
9.388908478887775e-34
9.388908478887775e-34
9.388908478887775e-34
9.388908478887775e-34
9.388908478887775e-34
9.388908478887775e-34
9.388908478887775e-34
9.388908478887775e-34
9.388908478887775e-34
9.388908478887775e-34
9.388908478887775e-34
9.388908478887775e-34
9.388908478887775e-34
9.388908478887775e-34
9.388908478887775e-34
9.388908478887775e-34
9.388908478887775e-34
9.388908478887775e-34
9.388908478887775e-34
9.388908478887775e-34
9.388908478887775e-34
9.388908478887775e-34
9.388908478887775e-34
9.388908478887775e-34
9.388908478887775e-34
9.388908478887775e-34
9.388908478887775e-34
9.388908478887775e-34
9.388908478887775e-34
9.388908478887775e-34
9.388908478887775e-34
9.388908478887775e-34
9.388908478887775e-34
9.388908478887775e-34
9.388908478887775e-34
9.388908478887775e-34
9.388908478887775e-34
9.388908478887775e-34
9.388908478887775e-34
9.388908478887775e-34
9.388908478887775e-34
9.388908478887775e-34
9.388908478887775e-34
9.388908478887775e-34
9.388908478887775e-34
9.388908478887775e-34
9.388908478887775e-34
9.388908478887775e-34
9.388908478887775e-34
9.388908478887775e-34
9.388908478887775e-34
9.388908478887775e-34
9.388908478887775e-34
9.388908478887775e-34
9.388908478887775e-34
9.388908478887775e-34
9.388908478887775e-34
9.388908478887775e-34
9.388908478887775e-34
9.388908478887775e-34
9.388908478887775e-34
9.388908478887775e-34
9.388908478887775e-34
9.388908478887775e-34
9.388908478887775e-34
9.388908478887775e-34
9.388908478887775e-34
9.388908478887775e-34
9.388908478887775e-34
9.388908478887775e-34
9.388908478887775e-34
9.388908478887775e-34
9.388908478887775e-34
9.388908478887775e-34
9.388908478887775e-34
9.388908478887775e-34
9.388908478887775e-34
9.388908478887775e-34
9.388908478887775e-34
9.388908478887775e-34
9.388908478887775e-34
9.388908478887775e-34
9.388908478887775e-34
9.388908478887775e-34
9.388908478887775e-34
9.388908478887775e-34
9.388908478887775e-34
9.388908478887775e-34
9.388908478887775e-34
9.388908478887775e-34
9.388908478887775e-34
9.388908478887775e-34
9.388908478887775e-34
9.388908478887775e-34
9.388908478887775e-34
9.388908478887775e-34
9.388908478887775e-34
9.388908478887775e-34
9.388908478887775e-34
9.388908478887775e-34
9.388908478887775e-34
9.388908478887775e-34
9.388908478887775e-34
9.388908478887775e-34
9.388908478887775e-34
9.388908478887775e-34
9.388908478887775e-34
9.388908478887775e-34
9.388908478887775e-34
9.388908478887775e-34
9.388908478887775e-34
9.388908478887775e-34
9.388908478887775e-34
9.388908478887775e-34
9.388908478887775e-34
9.388908478887775e-34
9.388908478887775e-34
9.388908478887775e-34
9.388908478887775e-34
9.388908478887775e-34
9.388908478887775e-34
9.388908478887775e-34
9.388908478887775e-34
9.388908478887775e-34
9.388908478887775e-34
9.388908478887775e-34
9.388908478887775e-34
1.0014835710813626e-32
4.631861516251302e-32
2.2783751242101e-31
1.2080395576168937e-30
6.281492735991884e-30
3.2057176146698455e-29
1.603819605635929e-28
7.8646786504273775e-28
3.780277189416854e-27
1.781066236572916e-26
8.225280242268631e-26
3.7233630971468316e-25
1.6520917847560433e-24
7.185335633530737e-24
3.0631908641825234e-23
1.2800153190798962e-22
0.00022262985691886246
0.00039366904065539504
0.0006823280527560803
0.0011592291739049635
0.0019304541362274463
0.0031511115984448304
0.005041760259690423
0.007907054051594318
0.01215517832991415
0.018315638888735032
0.027051846866349642
0.03916389509898907
0.05557621261148456
0.07730474044330868
0.10539922456188734
0.14085842092111844
0.18451952399320543
0.23692775868275454
0.29819727943169266
0.3678794411765011
0.4448580662368285
0.5272924240804246
0.6126263942830108
0.6976763263259693
0.7788007837175472
0.8521437905714394
0.9139311891801659
0.9607894484826114
0.990049855578746
1.0000000500621804
0.9900499462843432
0.9607896871119253
0.9139317208060084
0.8521449226933493
0.7788031356466052
0.6976811111884227
0.6126359343472898
0.527311067785379
0.44489377907258354
0.36794649599574397
0.29832068923397476
0.2371503885390403
0.1849131930336445
0.1415407489738013
0.10655845373576919
0.07923519457952714
0.058727324209927684
0.04420565535867824
0.034958900917943764
0.03047081721864897
