0.0
0.0
0.0
0.0
0.0
0.0
0.0
0.0
0.0
0.0
0.0
0.0
0.0
0.0
0.0
0.0
0.0
0.0
0.0
0.0
0.0
0.0
0.0
0.0
0.0
0.0
0.0
0.0
0.0
0.0
0.0
0.0
0.0
0.0
0.0
0.0
0.0
0.0
0.0
0.0
0.0
0.0
0.0
0.0
0.0
0.0
0.0
0.0
0.0
0.00022262985691888897
0.0003936690406550783
0.0006823280527563766
0.0011592291739045914
0.0019304541362277093
0.0031511115984444414
0.005041760259690979
0.007907054051593441
0.012155178329914935
0.01831563888873418
0.027051846866350416
0.039163895098987066
0.05557621261148306
0.07730474044329974
0.10539922456186435
0.140858420921045
0.18451952399298926
0.23692775868212176
0.2981972794298874
0.36787944117144233
0.4448580662229411
0.5272924240430485
0.6126263941844161
0.697676326071031
0.7788007830714048
0.8521437889662113
0.9139311852712281
0.9607894391523232
0.9900498337491681
1.0
0.9900498337491681
0.9607894391523232
0.9139311852712281
0.8521437889662113
0.7788007830714049
0.697676326071031
0.6126263941844161
0.5272924240430485
0.4448580662229411
0.36787944117144233
0.2981972794298874
0.2369277586821218
0.18451952399298926
0.140858420921045
0.10539922456186432
0.07730474044329974
0.05557621261148306
0.03916389509898707
0.02705184686635042
0.01831563888873418
0.012155178329914935
0.007907054051593441
0.005041760259690979
0.0031511115984444414
0.0019304541362277093
0.0011592291739045914
0.0006823280527563766
0.0003936690406550783
0.00022262985691888894
0.00012340980408667956
6.705482430281112e-5
3.571284964163521e-5
1.864374233151682e-5
9.54016287307923e-6
4.785117392129009e-6
2.352575200009771e-6
1.1337271387479661e-6
5.355347802793109e-7
2.479596018045028e-7
1.1253517471925913e-7
5.006218020767049e-8
2.182957795125478e-8
9.330287574505005e-9
3.908938434264864e-9
1.6052280551856119e-9
6.461431773106109e-10
2.549381880391969e-10
9.859505575991516e-11
3.7375713279442554e-11
1.3887943864964021e-11
5.058252742843785e-12
1.8058314375132173e-12
6.319285885175369e-13
2.1675688826189615e-13
7.287724095819693e-14
2.4017347816209608e-14
7.758402075696057e-15
2.4565953687921433e-15
7.624459905389722e-16
2.3195228302435696e-16
6.916753975541441e-17
2.0217158486953473e-17
5.792312885394868e-18
1.6266646214532464e-18
4.47773244171833e-19
1.208182019899962e-19
3.195366717748689e-20
8.283677007678956e-21
2.1049399783358544e-21
5.242885663375617e-22
1.2800153190798962e-22
3.0631908641825234e-23
7.185335633530737e-24
1.6520917847560433e-24
3.7233630971468316e-25
8.225280242268631e-26
1.781066236572916e-26
3.780277189416854e-27
7.8646786504273775e-28
1.603819605635929e-28
3.2057176146698455e-29
6.281492735991884e-30
1.2080395576168937e-30
2.2783751242101e-31
4.631861516251302e-32
1.0014835710813626e-32
9.388908478887775e-34
9.388908478887775e-34
9.388908478887775e-34
9.388908478887775e-34
9.388908478887775e-34
9.388908478887775e-34
9.388908478887775e-34
9.388908478887775e-34
9.388908478887775e-34
9.388908478887775e-34
9.388908478887775e-34
9.388908478887775e-34
9.388908478887775e-34
9.388908478887775e-34
9.388908478887775e-34
9.388908478887775e-34
9.388908478887775e-34
9.388908478887775e-34
9.388908478887775e-34
9.388908478887775e-34
9.388908478887775e-34
9.388908478887775e-34
9.388908478887775e-34
9.388908478887775e-34
9.388908478887775e-34
9.388908478887775e-34
9.388908478887775e-34
9.388908478887775e-34
9.388908478887775e-34
9.388908478887775e-34
9.388908478887775e-34
9.388908478887775e-34
9.388908478887775e-34
9.388908478887775e-34
9.388908478887775e-34
9.388908478887775e-34
9.388908478887775e-34
9.388908478887775e-34
9.388908478887775e-34
9.388908478887775e-34
9.388908478887775e-34
9.388908478887775e-34
9.388908478887775e-34
9.388908478887775e-34
9.388908478887775e-34
9.388908478887775e-34
9.388908478887775e-34
9.388908478887775e-34
9.388908478887775e-34
9.388908478887775e-34
9.388908478887775e-34
9.388908478887775e-34
9.388908478887775e-34
9.388908478887775e-34
9.388908478887775e-34
9.388908478887775e-34
9.388908478887775e-34
9.388908478887775e-34
9.388908478887775e-34
9.388908478887775e-34
9.388908478887775e-34
9.388908478887775e-34
9.388908478887775e-34
9.388908478887775e-34
9.388908478887775e-34
9.388908478887775e-34
9.388908478887775e-34
9.388908478887775e-34
9.388908478887775e-34
9.388908478887775e-34
9.388908478887775e-34
9.388908478887775e-34
9.388908478887775e-34
9.388908478887775e-34
9.388908478887775e-34
9.388908478887775e-34
9.388908478887775e-34
9.388908478887775e-34
9.388908478887775e-34
9.388908478887775e-34
9.388908478887775e-34
9.388908478887775e-34
9.388908478887775e-34
9.388908478887775e-34
9.388908478887775e-34
