-1.4746183865831573e-19
-1.4746183865831573e-19
-1.4746183865831573e-19
-1.4746183865831573e-19
-1.4746183865831573e-19
-1.4746183865831573e-19
-1.4746183865831573e-19
-1.4746183865831573e-19
-1.4746183865831573e-19
-1.4746183865831573e-19
-1.4746183865831573e-19
-1.4746183865831573e-19
-1.4746183865831573e-19
-1.4746183865831573e-19
-1.4746183865831573e-19
-1.4746183865831573e-19
-1.4746183865831573e-19
-1.4746183865831573e-19
-1.4746183865831573e-19
-1.4746183865831573e-19
-1.4746183865831573e-19
-1.4746183865831573e-19
-1.4746183865831573e-19
-1.4746183865831573e-19
-1.4746183865831573e-19
-1.4746183865831573e-19
-1.4746183865831573e-19
-1.4746183865831573e-19
-1.4746183865831573e-19
-1.4746183865831573e-19
-1.4746183865831573e-19
-1.4746183865831573e-19
-1.4746183865831573e-19
-1.4746183865831573e-19
-1.4746183865831573e-19
-1.4746183865831573e-19
-1.4746183865831573e-19
-1.4746183865831573e-19
-1.4746183865831573e-19
-1.4746183865831573e-19
-1.4746183865831573e-19
-1.4746183865831573e-19
-1.4746183865831573e-19
-1.4746183865831573e-19
-1.4746183865831573e-19
-1.4746183865831573e-19
-1.4746183865831573e-19
-1.4746183865831573e-19
-1.4746183865831573e-19
-1.4746183865831573e-19
-1.4746183865831573e-19
-1.4746183865831573e-19
-1.4746183865831573e-19
-1.4746183865831573e-19
-1.4746183865831573e-19
-1.4746183865831573e-19
-1.4746183865831573e-19
-1.4746183865831573e-19
-1.4746183865831573e-19
-1.4746183865831573e-19
-1.4746183865831573e-19
-1.4746183865831573e-19
-1.4746183865831573e-19
-1.4746183865831573e-19
-1.4746183865831573e-19
-1.4746183865831573e-19
-1.4746183865831573e-19
-1.4746183865831573e-19
-1.4746183865831573e-19
-1.4746183865831573e-19
-1.4746183865831573e-19
-1.4746183865831573e-19
-1.4746183865831573e-19
-1.4746183865831573e-19
-1.4746183865831573e-19
-1.4746183865831573e-19
-1.4746183865831573e-19
-1.4746183865831573e-19
-1.4746183865831573e-19
-1.4746183865831573e-19
-1.4746183865831573e-19
-1.4746183865831573e-19
-1.4746183865831573e-19
-1.4746183865831573e-19
-1.4746183865831573e-19
-1.4746183865831573e-19
-1.4746183865831573e-19
-1.4746183865831573e-19
-1.4746183865831573e-19
-1.4746183865831573e-19
-1.4746183865831573e-19
-1.4746183865831573e-19
-1.4746183865831573e-19
-1.4746183865831573e-19
-1.4746183865831573e-19
-1.4746183865831573e-19
-1.4746183865831573e-19
-1.4746183865831573e-19
-1.4746183865831573e-19
-1.4746183865831573e-19
-1.4746183865831573e-19
-1.4746183865831573e-19
-1.4746183865831573e-19
-1.4746183865831573e-19
-1.4746183865831573e-19
-1.4746183865831573e-19
-1.4746183865831573e-19
-1.4746183865831573e-19
-1.4746183865831573e-19
-1.4746183865831573e-19
-1.4746183865831573e-19
-1.4746183865831573e-19
-1.4746183865831573e-19
-1.4746183865831573e-19
-1.4746183865831573e-19
-1.4746183865831573e-19
-1.4746183865831573e-19
-1.4746183865831573e-19
-1.4746183865831573e-19
-1.4746183865831573e-19
-1.4746183865831573e-19
-1.4746183865831573e-19
-1.4746183865831573e-19
-1.4746183865831573e-19
-1.4746183865831573e-19
-1.4746183865831573e-19
-1.4746183865831573e-19
-1.4746183865831573e-19
-1.4746183865831573e-19
-1.4746183865831573e-19
-1.4746183865831573e-19
-1.4746183865831573e-19
-1.4746183865831573e-19
-1.4746183865831576e-19
-1.4746183865831585e-19
-1.4746183865831633e-19
-1.4746183865831893e-19
-1.474618386583324e-19
-1.4746183865840076e-19
-1.4746183865874115e-19
-1.4746183866040185e-19
-1.47461838668343e-19
-1.4746183870555887e-19
-1.4746183887649292e-19
-1.474618396459452e-19
-1.4746184304052205e-19
-1.4746185771756144e-19
-1.474619199100628e-19
-1.4746217818492556e-19
-1.4746322934416808e-19
5.905301244530686e-7
1.0442149619505025e-6
1.8098887341008611e-6
3.074878445371108e-6
5.120568000603157e-6
8.358386202771281e-6
1.3373369389099099e-5
2.0973618173990015e-5
3.22418523339894e-5
4.858259652184264e-5
7.175556197970449e-5
0.00010388301087264136
0.00014741700957950738
0.00020505236191850623
0.00027957353995169867
0.00037362976371572613
0.0004894417082025376
0.0006284555933164899
0.0007909742159809776
0.000975807536226936
0.0011799948705187395
0.0013986536444149968
0.0016250036974256698
0.0018506003326920102
0.0020657845662232785
0.002260328342326984
0.0024242206258380367
0.0025485130432964073
0.002626126747180339
0.002652519595397415
0.0026261262222534924
0.002548511680683138
0.0024242176433530225
0.002260322112442999
0.0020657718778621034
0.0018505750289341048
0.0016249542452044696
0.001398558915632376
0.001179817006362438
0.0009754801893033279
0.0007903836858699441
0.0006274113783593269
0.00048763181947011425
0.0003705548852709292
0.00027445297195129116
0.0001966939757157955
0.0001340436401904298
8.290939269865741e-5
3.951370964571731e-5
0.0
