   0.00000000    
   2.81025203E-16
   2.81025203E-16
   2.81025203E-16
   2.81025203E-16
   2.81025203E-16
   2.81025203E-16
   2.81025203E-16
   2.81025203E-16
   2.81025203E-16
   2.81025203E-16
   2.81025203E-16
   2.81025203E-16
   2.81025203E-16
   2.81025203E-16
   2.81025203E-16
   2.81025203E-16
   2.81025203E-16
   2.81025203E-16
   2.81025203E-16
   2.81025203E-16
   2.81025203E-16
   2.81025203E-16
   2.81025203E-16
   2.81025203E-16
   2.81025203E-16
   2.81025203E-16
   2.81025203E-16
   2.81025203E-16
   2.81025203E-16
   2.81025203E-16
   2.81025203E-16
   2.81025203E-16
   2.81025203E-16
   2.81025203E-16
   2.81025203E-16
   2.81025203E-16
   2.81025203E-16
   2.81025203E-16
   2.81025203E-16
   2.81025203E-16
   2.81025203E-16
   2.81025203E-16
   2.81025203E-16
   2.81025203E-16
   2.81025203E-16
   2.81025203E-16
   2.81025203E-16
   2.81025203E-16
   2.81025203E-16
   2.81025203E-16
   2.81025203E-16
   2.81025203E-16
   2.81025203E-16
   2.81025203E-16
   2.81025203E-16
   2.81025203E-16
   2.81025203E-16
   2.81025203E-16
   2.81025203E-16
   2.81025203E-16
   2.81025203E-16
   2.81025203E-16
   2.81025203E-16
   2.81025203E-16
   2.81025203E-16
   2.81025203E-16
   2.81025203E-16
   2.81025203E-16
   2.81025203E-16
   2.81025203E-16
   2.81025203E-16
   2.81025203E-16
   2.81025203E-16
   2.81025203E-16
   2.81025203E-16
   2.81025203E-16
   2.81025203E-16
   2.81025203E-16
   2.81025203E-16
   2.81025203E-16
   2.81025203E-16
   2.81025203E-16
   2.81025203E-16
   2.81025203E-16
   2.81025203E-16
   2.81025203E-16
   2.81025203E-16
   2.81025203E-16
   2.81025203E-16
   2.81025203E-16
   2.81025203E-16
   2.81025203E-16
   2.81025203E-16
   2.81025203E-16
   2.81025203E-16
   2.81025203E-16
   2.81025203E-16
   2.81025203E-16
   2.81025203E-16
   2.81025203E-16
   2.81025203E-16
   2.81025203E-16
   2.81025203E-16
   2.81025203E-16
   2.81025203E-16
   2.81025203E-16
   2.81025203E-16
   2.81025203E-16
   2.81025203E-16
   2.81025203E-16
   2.81025203E-16
   2.81025203E-16
   2.81025203E-16
   2.81025203E-16
   2.81025203E-16
   2.81025203E-16
   2.81025203E-16
   2.81025203E-16
   2.81025203E-16
   2.81025203E-16
   2.81025203E-16
   2.81025203E-16
   2.81025203E-16
   2.81025203E-16
   2.81025203E-16
   2.81025203E-16
   2.81025203E-16
   2.81025203E-16
   2.81025203E-16
   2.81025203E-16
   2.81025203E-16
   2.81025203E-16
   2.81025203E-16
   2.81025203E-16
   2.81025203E-16
   2.81025203E-16
   2.81025203E-16
   2.81025203E-16
   2.81025203E-16
   2.81025203E-16
   2.81025203E-16
   2.81025203E-16
   2.81025203E-16
   2.81025203E-16
   2.81025203E-16
   2.81025203E-16
   2.81025203E-16
   2.81025203E-16
   2.81025203E-16
  0.367879570    
  0.444857836    
  0.527292728    
  0.612626076    
  0.697676659    
  0.778800547    
  0.852144003    
  0.913930893    
  0.960789680    
  0.990049660    
   1.00000036    
  0.990049481    
  0.960789859    
  0.913930655    
  0.852144122    
  0.778800249    
  0.697676897    
  0.612625659    
  0.527293205    
  0.444857329    
  0.367880255    
  0.298196435    
  0.236928731    
  0.184518516    
  0.140859425    
  0.105398156    
   7.73058012E-02
   5.55751696E-02
   3.91648076E-02
   2.70510875E-02
   1.83164682E-02
   1.21544786E-02
   7.90778361E-03
   5.04102372E-03
   3.15187429E-03
   1.92978152E-03
   1.16002979E-03
   6.81547564E-04
   3.94201750E-04
   2.22224131E-04
   1.23756807E-04
   6.65657572E-05
   3.60840204E-05
   1.85421013E-05
   9.67870255E-06
   4.63845618E-06
   2.60794536E-06
   1.07616461E-06
   7.70814381E-07
   3.27637878E-07
