   0.00000000    
   0.00000000    
   0.00000000    
   0.00000000    
   0.00000000    
   0.00000000    
   0.00000000    
   0.00000000    
   0.00000000    
   0.00000000    
   0.00000000    
   0.00000000    
   0.00000000    
   0.00000000    
   0.00000000    
   0.00000000    
   0.00000000    
   0.00000000    
   0.00000000    
   0.00000000    
   0.00000000    
   0.00000000    
   0.00000000    
   0.00000000    
   0.00000000    
   0.00000000    
   0.00000000    
   0.00000000    
   0.00000000    
   0.00000000    
   0.00000000    
   0.00000000    
   0.00000000    
   0.00000000    
   0.00000000    
   0.00000000    
   0.00000000    
   0.00000000    
   0.00000000    
   0.00000000    
   0.00000000    
   0.00000000    
   0.00000000    
   0.00000000    
   0.00000000    
   0.00000000    
   0.00000000    
   0.00000000    
   0.00000000    
   1.23409802E-04
   2.22629897E-04
   3.93668946E-04
   6.82328013E-04
   1.15922897E-03
   1.93045405E-03
   3.15111084E-03
   5.04176039E-03
   7.90705159E-03
   1.21551799E-02
   1.83156393E-02
   2.70518474E-02
   3.91638950E-02
   5.55762053E-02
   7.73047432E-02
  0.105399221    
  0.140858412    
  0.184519514    
  0.236927748    
  0.298197269    
  0.367879450    
  0.444858074    
  0.527292430    
  0.612626374    
  0.697676301    
  0.778800845    
  0.852143764    
  0.913931131    
  0.960789442    
  0.990049839    
   1.00000000    
  0.990049839    
  0.960789442    
  0.913931191    
  0.852143824    
  0.778800726    
  0.697676301    
  0.612626374    
  0.527292430    
  0.444858104    
  0.367879450    
  0.298197269    
  0.236927748    
  0.184519544    
  0.140858382    
  0.105399244    
   7.73047358E-02
   5.55762053E-02
   3.91638950E-02
   2.70518493E-02
   1.83156393E-02
   1.21551780E-02
   7.90705346E-03
   5.04176039E-03
   3.15111084E-03
   1.93045416E-03
   1.15922885E-03
   6.82328129E-04
   3.93669034E-04
   2.22629897E-04
   1.23409802E-04
   6.70548470E-05
   3.57128592E-05
   1.86437355E-05
   9.54015923E-06
   4.78511720E-06
   2.35257517E-06
   1.13372766E-06
   5.35534980E-07
   2.47959605E-07
   1.12535176E-07
   5.00622122E-08
   2.18295906E-08
   9.33028943E-09
   3.90893629E-09
   1.60522773E-09
   6.46143139E-10
   2.54938293E-10
   9.85952708E-11
   3.73758524E-11
   1.38877746E-11
   5.05824549E-12
   1.80594949E-12
   6.32036090E-13
   2.16751964E-13
   7.28739985E-14
   2.38246922E-14
   7.47492346E-15
   2.24299745E-15
   9.35015954E-16
   2.81025203E-16
   2.81025203E-16
   2.81025203E-16
   2.81025203E-16
   2.81025203E-16
   2.81025203E-16
   2.81025203E-16
   2.81025203E-16
   2.81025203E-16
   2.81025203E-16
   2.81025203E-16
   2.81025203E-16
   2.81025203E-16
   2.81025203E-16
   2.81025203E-16
   2.81025203E-16
   2.81025203E-16
   2.81025203E-16
   2.81025203E-16
   2.81025203E-16
   2.81025203E-16
   2.81025203E-16
   2.81025203E-16
   2.81025203E-16
   2.81025203E-16
   2.81025203E-16
   2.81025203E-16
   2.81025203E-16
   2.81025203E-16
   2.81025203E-16
   2.81025203E-16
   2.81025203E-16
   2.81025203E-16
   2.81025203E-16
   2.81025203E-16
   2.81025203E-16
   2.81025203E-16
   2.81025203E-16
   2.81025203E-16
   2.81025203E-16
   2.81025203E-16
   2.81025203E-16
   2.81025203E-16
   2.81025203E-16
   2.81025203E-16
   2.81025203E-16
   2.81025203E-16
   2.81025203E-16
   2.81025203E-16
   2.81025203E-16
   2.81025203E-16
   2.81025203E-16
   2.81025203E-16
   2.81025203E-16
   2.81025203E-16
   2.81025203E-16
   2.81025203E-16
   2.81025203E-16
   2.81025203E-16
   2.81025203E-16
   2.81025203E-16
   2.81025203E-16
   2.81025203E-16
   2.81025203E-16
   2.81025203E-16
   2.81025203E-16
   2.81025203E-16
   2.81025203E-16
   2.81025203E-16
   2.81025203E-16
   2.81025203E-16
   2.81025203E-16
   2.81025203E-16
   2.81025203E-16
   2.81025203E-16
   2.81025203E-16
   2.81025203E-16
   2.81025203E-16
   2.81025203E-16
   2.81025203E-16
   2.81025203E-16
   2.81025203E-16
   2.81025203E-16
   2.81025203E-16
   2.81025203E-16
   2.81025203E-16
   2.81025203E-16
   2.81025203E-16
   2.81025203E-16
   2.81025203E-16
   2.81025203E-16
   2.81025203E-16
   2.81025203E-16
   2.81025203E-16
   2.81025203E-16
   2.81025203E-16
   2.81025203E-16
   2.81025203E-16
   2.81025203E-16
   2.81025203E-16
   2.81025203E-16
   2.81025203E-16
   2.81025203E-16
   2.81025203E-16
   2.81025203E-16
   2.81025203E-16
   2.81025203E-16
   2.81025203E-16
   2.81025203E-16
   2.81025203E-16
   2.81025203E-16
   0.00000000    
