   1.23409802E-04
   2.22629897E-04
   3.93668975E-04
   6.82328071E-04
   1.15922897E-03
   1.93045416E-03
   3.15111084E-03
   5.04176039E-03
   7.90705252E-03
   1.21551799E-02
   1.83156393E-02
   2.70518493E-02
   3.91638950E-02
   5.55762053E-02
   7.73047432E-02
  0.105399221    
  0.140858412    
  0.184519514    
  0.236927748    
  0.298197269    
  0.367879450    
  0.444858074    
  0.527292430    
  0.612626374    
  0.697676301    
  0.778800786    
  0.852143764    
  0.913931191    
  0.960789442    
  0.990049839    
   1.00000000    
  0.990049839    
  0.960789442    
  0.913931191    
  0.852143764    
  0.778800786    
  0.697676301    
  0.612626374    
  0.527292430    
  0.444858074    
  0.367879450    
  0.298197269    
  0.236927748    
  0.184519514    
  0.140858412    
  0.105399221    
   7.73047432E-02
   5.55762053E-02
   3.91638950E-02
   2.70518493E-02
   1.83156393E-02
   1.21551799E-02
   7.90705252E-03
   5.04176039E-03
   3.15111084E-03
   1.93045416E-03
   1.15922897E-03
   6.82328071E-04
   3.93668975E-04
   2.22629897E-04
   1.23409802E-04
   6.70548470E-05
   3.57128592E-05
   1.86437355E-05
   9.54015923E-06
   4.78511720E-06
   2.35257517E-06
   1.13372766E-06
   5.35534980E-07
   2.47959605E-07
   1.12535176E-07
   5.00622086E-08
   2.18295906E-08
   9.33028943E-09
   3.90893584E-09
   1.60522806E-09
   6.46143250E-10
   2.54938154E-10
   9.85949655E-11
   3.73757032E-11
   1.38879437E-11
   5.05825156E-12
   1.80582979E-12
   6.31928483E-13
   2.16756924E-13
   7.28772443E-14
   2.40173329E-14
   7.75838896E-15
   2.45659693E-15
   7.62444955E-16
   2.31952270E-16
   6.91676054E-17
   2.02171859E-17
   5.79232066E-18
   1.62666608E-18
   4.47773235E-19
   1.20818039E-19
   3.19536866E-20
   8.28366292E-21
   2.10493878E-21
   5.24288570E-22
   1.28001555E-22
   3.06319044E-23
   7.18532930E-24
   1.65209453E-24
   3.72336308E-25
   8.22529427E-26
   1.78106504E-26
   3.78027731E-27
   7.86468708E-28
   1.60381094E-28
   3.20581722E-29
   6.28116172E-30
   1.20629465E-30
   2.27081858E-31
   4.19009311E-32
   7.57845249E-33
   1.34353696E-33
   2.33471706E-34
   3.97680673E-35
   6.63967696E-36
   1.08661329E-36
   1.74307191E-37
   2.74076127E-38
   4.22414976E-39
   6.38149919E-40
   9.44965619E-41
   1.37159094E-41
   1.95200876E-42
   2.71851902E-43
   3.78350585E-44
   5.60519386E-45
   0.00000000    
   0.00000000    
   0.00000000    
   0.00000000    
   0.00000000    
   0.00000000    
   0.00000000    
   0.00000000    
   0.00000000    
   0.00000000    
   0.00000000    
   0.00000000    
   0.00000000    
   0.00000000    
   0.00000000    
   0.00000000    
   0.00000000    
   0.00000000    
   0.00000000    
   0.00000000    
   0.00000000    
   0.00000000    
   0.00000000    
   0.00000000    
   0.00000000    
   0.00000000    
   0.00000000    
   0.00000000    
   0.00000000    
   0.00000000    
   0.00000000    
   0.00000000    
   0.00000000    
   0.00000000    
   0.00000000    
   0.00000000    
   0.00000000    
   0.00000000    
   0.00000000    
   0.00000000    
   0.00000000    
   0.00000000    
   0.00000000    
   0.00000000    
   0.00000000    
   0.00000000    
   0.00000000    
   0.00000000    
   0.00000000    
   0.00000000    
   0.00000000    
   0.00000000    
   0.00000000    
   0.00000000    
   0.00000000    
   0.00000000    
   0.00000000    
   0.00000000    
   0.00000000    
   0.00000000    
   0.00000000    
   0.00000000    
   0.00000000    
   0.00000000    
   0.00000000    
   0.00000000    
   0.00000000    
   0.00000000    
   0.00000000    
   0.00000000    
   0.00000000    
   0.00000000    
   0.00000000    
   0.00000000    
   0.00000000    
   0.00000000    
   0.00000000    
   0.00000000    
   0.00000000    
   0.00000000    
   0.00000000    
   0.00000000    
   0.00000000    
   0.00000000    
   0.00000000    
   0.00000000    
   0.00000000    
   0.00000000    
   0.00000000    
   0.00000000    
   0.00000000    
   0.00000000    
   0.00000000    
   0.00000000    
   0.00000000    
   0.00000000    
   0.00000000    
   0.00000000    
   0.00000000    
   0.00000000    
   0.00000000    
   0.00000000    
   0.00000000    
   0.00000000    
   0.00000000    
   0.00000000    
   0.00000000    
   0.00000000    
   0.00000000    
   0.00000000    
   0.00000000    
   0.00000000    
   0.00000000    
   0.00000000    
   0.00000000    
   0.00000000    
   0.00000000    
   0.00000000    
   0.00000000    
