  -2.57118649E-11
  -2.57118649E-11
  -2.57118649E-11
  -2.57118649E-11
  -2.57118649E-11
  -2.57118649E-11
  -2.57118649E-11
  -2.57118649E-11
  -2.57118649E-11
  -2.57118649E-11
  -2.57118649E-11
  -2.57118649E-11
  -2.57118649E-11
  -2.57118649E-11
  -2.57118649E-11
  -2.57118649E-11
  -2.57118649E-11
  -2.57118649E-11
  -2.57118649E-11
  -2.57118649E-11
  -2.57118649E-11
  -2.57118649E-11
  -2.57118649E-11
  -2.57118649E-11
  -2.57118649E-11
  -2.57118649E-11
  -2.57118649E-11
  -2.57118649E-11
  -2.57118649E-11
  -2.57118649E-11
  -2.57118649E-11
  -2.57118649E-11
  -2.57118649E-11
  -2.57118649E-11
  -2.57118649E-11
  -2.57118649E-11
  -2.57118649E-11
  -2.57118649E-11
  -2.57118649E-11
  -2.57118649E-11
  -2.57118649E-11
  -2.57118649E-11
  -2.57118649E-11
  -2.57118649E-11
  -2.57118649E-11
  -2.57118649E-11
  -2.57118649E-11
  -2.57118649E-11
  -2.57118649E-11
  -2.57118649E-11
  -2.57118649E-11
  -2.57118649E-11
  -2.57118649E-11
  -2.57118649E-11
  -2.57118649E-11
  -2.57118649E-11
  -2.57118649E-11
  -2.57118649E-11
  -2.57118649E-11
  -2.57118649E-11
  -2.57118649E-11
  -2.57118649E-11
  -2.57118649E-11
  -2.57118649E-11
  -2.57118649E-11
  -2.57118649E-11
  -2.57118649E-11
  -2.57118649E-11
  -2.57118649E-11
  -2.57118649E-11
  -2.57118649E-11
  -2.57118649E-11
  -2.57118649E-11
  -2.57118649E-11
  -2.57118649E-11
  -2.57118649E-11
  -2.57118649E-11
  -2.57118649E-11
  -2.57118649E-11
  -2.57118649E-11
  -2.57118649E-11
  -2.57118649E-11
  -2.57118649E-11
  -2.57118649E-11
  -2.57118649E-11
  -2.57118649E-11
  -2.57118649E-11
  -2.57118649E-11
  -2.57118649E-11
  -2.57118649E-11
  -2.57118649E-11
  -2.57118649E-11
  -2.57118649E-11
  -2.57118649E-11
  -2.57118649E-11
  -2.57118649E-11
  -2.57118649E-11
  -2.57118649E-11
  -2.57118649E-11
  -2.57118649E-11
  -2.57118649E-11
  -2.57118649E-11
  -2.57118649E-11
  -2.57118649E-11
  -2.57118649E-11
  -2.57118649E-11
  -2.57118649E-11
  -2.57118649E-11
  -2.57118649E-11
  -2.57118649E-11
  -2.57118649E-11
  -2.57118649E-11
  -2.57118649E-11
  -2.57118649E-11
  -2.57118649E-11
  -2.57118649E-11
  -2.57118649E-11
  -2.57118649E-11
  -2.57118649E-11
  -2.57118649E-11
  -2.57118649E-11
  -2.57118649E-11
  -2.57118649E-11
  -2.57118649E-11
  -2.57118649E-11
  -2.57118649E-11
  -2.57118649E-11
  -2.57118649E-11
  -2.57118649E-11
  -2.57118649E-11
  -2.57118649E-11
  -2.57118649E-11
  -2.57118649E-11
  -2.57118649E-11
  -2.57118649E-11
  -2.57118649E-11
  -2.57118649E-11
  -2.57118649E-11
  -2.57118649E-11
  -2.57118649E-11
  -2.57118649E-11
  -2.57118649E-11
  -2.57118649E-11
  -2.57118649E-11
  -2.57118649E-11
  -2.57118649E-11
  -2.57118649E-11
  -2.57118649E-11
  -2.57118649E-11
  -2.57118649E-11
   9.75807896E-04
   1.17999432E-03
   1.39865454E-03
   1.62500294E-03
   1.85060129E-03
   2.06578407E-03
   2.26032897E-03
   2.42421986E-03
   2.54851370E-03
   2.62612640E-03
   2.65252078E-03
   2.62612593E-03
   2.54851417E-03
   2.42421916E-03
   2.26032920E-03
   2.06578313E-03
   1.85060187E-03
   1.62500178E-03
   1.39865570E-03
   1.17999292E-03
   9.75809700E-04
   7.90971972E-04
   6.28458161E-04
   4.89439000E-04
   3.73632385E-04
   2.79570668E-04
   2.05055141E-04
   1.47414205E-04
   1.03885395E-04
   7.17535149E-05
   4.85847631E-05
   3.22399646E-05
   2.09755217E-05
   1.33713838E-05
   8.36037725E-06
   5.11875260E-06
   3.07697246E-06
   1.80790175E-06
   1.04544415E-06
   5.89206479E-07
   3.28649179E-07
   1.76652307E-07
   9.55915027E-08
   4.90613701E-08
   2.54890971E-08
   1.21889032E-08
   6.55854171E-09
   2.47564946E-09
   1.26419708E-09
   0.00000000    
